 -1         -1         -1         -1   -1 -1         -1 -1         -1 1700820174   1
 -1         -1         -1         -1   -1 -1         -1 -1         -1 1700820902   1
 -1         -1         -1         -1   -1 -1         -1 -1         -1 1700825685   0
 -1         -1         -1         -1   -1 -1         -1 -1         -1 1700829520   0
 -1         -1         -1         -1   -1 -1         -1 -1         -1 1700829768   1
 -1         -1         -1         -1   -1 -1         -1 -1         -1 1700830807   0
 -1         -1         -1         -1   -1 -1         -1 -1         -1 1700839466   0
 -1         -1         -1         -1   -1 -1         -1 -1         -1 1700848311   0
 -1         -1         -1         -1   -1 -1         -1 -1         -1 1700855200   0
 -1         -1         -1         -1   -1 -1         -1 -1         -1 1700860005   0
 -1         -1         -1         -1   -1 -1         -1 -1         -1 1700863409   0
 -1         -1         -1         -1   -1 -1         -1 -1         -1 1700872814   0
 -1         -1         -1         -1   -1 -1         -1 -1         -1 1700875748   0
 -1         -1         -1         -1   -1 -1         -1 -1         -1 1700880380   0
 -1         -1         -1         -1   -1 -1         -1 -1         -1 1700890906   2
 -1         -1         -1         -1   -1 -1         -1 -1         -1 1700908000   0
 -1         -1         -1         -1   -1 -1         -1 -1         -1 1700996030   1
 -1         -1         -1         -1   -1 -1         -1 -1         -1 1701001727   0
 -1         -1         -1         -1   -1 -1         -1 -1         -1 1701014620   1
 -1         -1         -1         -1   -1 -1         -1 -1         -1 1701036349   0
 -1         -1         -1         -1   -1 -1         -1 -1         -1 1701105455   0
 -1         -1         -1         -1   -1 -1         -1 -1         -1 1701118810   0
 -1         -1         -1         -1   -1 -1         -1 -1         -1 1701129868   1
 -1         -1         -1         -1   -1 -1         -1 -1         -1 1701140215   1
 -1         -1         -1         -1   -1 -1         -1 -1         -1 1701149194   0
 -1         -1         -1         -1   -1 -1         -1 -1         -1 1701155526   2
 -1         -1         -1         -1   -1 -1         -1 -1         -1 1701166584   0
 -1         -1         -1         -1   -1 -1         -1 -1         -1 1701169603   0
 -1         -1         -1         -1   -1 -1         -1 -1         -1 1701170463   2
 -1         -1         -1         -1   -1 -1         -1 -1         -1 1701181669   0
 -1         -1         -1         -1   -1 -1         -1 -1         -1 1701182393   1
 -1         -1         -1         -1   -1 -1         -1 -1         -1 1701191015   0
 -1         -1         -1         -1   -1 -1         -1 -1         -1 1701252843   0
 -1         -1         -1         -1   -1 -1         -1 -1         -1 1701253257   0
 -1         -1         -1         -1   -1 -1         -1 -1         -1 1701258616   0
 -1         -1         -1         -1   -1 -1         -1 -1         -1 1701268155   0
 -1         -1         -1         -1   -1 -1         -1 -1         -1 1701276049   1
 -1         -1         -1         -1   -1 -1         -1 -1         -1 1701286469   0
 -1         -1         -1         -1   -1 -1         -1 -1         -1 1701286711   0
 -1         -1         -1         -1   -1 -1         -1 -1         -1 1701350589   0
 -1         -1         -1         -1   -1 -1         -1 -1         -1 1701364506   1
 -1         -1         -1         -1   -1 -1         -1 -1         -1 1701364854   1
 -1         -1         -1         -1   -1 -1         -1 -1         -1 1701373003   0
 -1         -1         -1         -1   -1 -1         -1 -1         -1 1701373388   0
 -1         -1         -1         -1   -1 -1         -1 -1         -1 1701380966   0
 -1         -1         -1         -1   -1 -1         -1 -1         -1 1701488301   0
 -1         -1         -1         -1   -1 -1         -1 -1         -1 1701528102   0
 -1         -1         -1         -1   -1 -1         -1 -1         -1 1701528451   0
 -1         -1         -1         -1   -1 -1         -1 -1         -1 1701535795   0
 -1         -1         -1         -1   -1 -1         -1 -1         -1 1701540529   0
 -1         -1         -1         -1   -1 -1         -1 -1         -1 1701541918   0
 -1         -1         -1         -1   -1 -1         -1 -1         -1 1701548590   1
 -1         -1         -1         -1   -1 -1         -1 -1         -1 1701558267   0
 -1         -1         -1         -1   -1 -1         -1 -1         -1 1701558302   0
 -1         -1         -1         -1   -1 -1         -1 -1         -1 1701562801   0
 -1         -1         -1         -1   -1 -1         -1 -1         -1 1701565775   0
 -1         -1         -1         -1   -1 -1         -1 -1         -1 1701571291   0
 -1         -1         -1         -1   -1 -1         -1 -1         -1 1701623556   1
 -1         -1         -1         -1   -1 -1         -1 -1         -1 1701642491   1
 -1         -1         -1         -1   -1 -1         -1 -1         -1 1701642936   0
 -1         -1         -1         -1   -1 -1         -1 -1         -1 1701651231   0
 -1         -1         -1         -1   -1 -1         -1 -1         -1 1701663911   1
 -1         -1         -1         -1   -1 -1         -1 -1         -1 1701670890   0
 -1         -1         -1         -1   -1 -1         -1 -1         -1 1701696429   0
 -1         -1         -1         -1   -1 -1         -1 -1         -1 1701702934   1
 -1         -1         -1         -1   -1 -1         -1 -1         -1 1701703840   0
 -1         -1         -1         -1   -1 -1         -1 -1         -1 1701708540   0
 -1         -1         -1         -1   -1 -1         -1 -1         -1 1701711811   1
 -1         -1         -1         -1   -1 -1         -1 -1         -1 1701711870   0
 -1         -1         -1         -1   -1 -1         -1 -1         -1 1701713103   1
 -1         -1         -1         -1   -1 -1         -1 -1         -1 1701735702   0
 -1         -1         -1         -1   -1 -1         -1 -1         -1 1701777524   0
 -1         -1         -1         -1   -1 -1         -1 -1         -1 1701784867   1
 -1         -1         -1         -1   -1 -1         -1 -1         -1 1701808652   0
 -1         -1         -1         -1   -1 -1         -1 -1         -1 1701808905   0
 -1         -1         -1         -1   -1 -1         -1 -1         -1 1702004183   1
 -1         -1         -1         -1   -1 -1         -1 -1         -1 1702012757   0
 -1         -1         -1         -1   -1 -1         -1 -1         -1 1702042873   2
 -1         -1         -1         -1   -1 -1         -1 -1         -1 1702046985   0
 -1         -1         -1         -1   -1 -1         -1 -1         -1 1702059413   1
 -1         -1         -1         -1   -1 -1         -1 -1         -1 1702067657   1
 -1         -1         -1         -1   -1 -1         -1 -1         -1 1702075744   0
 -1         -1         -1         -1   -1 -1         -1 -1         -1 1702084944   1
 -1         -1         -1         -1   -1 -1         -1 -1         -1 1702098724   0
 -1         -1         -1         -1   -1 -1         -1 -1         -1 1702099914   0
 -1         -1         -1         -1   -1 -1         -1 -1         -1 1702113620   0
 -1         -1         -1         -1   -1 -1         -1 -1         -1 1702190227   1
 -1         -1         -1         -1   -1 -1         -1 -1         -1 1702196661   0
 -1         -1         -1         -1   -1 -1         -1 -1         -1 1702231259   3
 -1         -1         -1         -1   -1 -1         -1 -1         -1 1702251131   0
 -1         -1         -1         -1   -1 -1         -1 -1         -1 1702261625   0
 -1         -1         -1         -1   -1 -1         -1 -1         -1 1702264005   0
 -1         -1         -1         -1   -1 -1         -1 -1         -1 1702305497   0
 -1         -1         -1         -1   -1 -1         -1 -1         -1 1702306427   0
 -1         -1         -1         -1   -1 -1         -1 -1         -1 1702315923   1
 -1         -1         -1         -1   -1 -1         -1 -1         -1 1702316395   0
 -1         -1         -1         -1   -1 -1         -1 -1         -1 1702342075   0
 -1         -1         -1         -1   -1 -1         -1 -1         -1 1702357578   1
 -1         -1         -1         -1   -1 -1         -1 -1         -1 1702377347   1
 -1         -1         -1         -1   -1 -1         -1 -1         -1 1702381417   0
 -1         -1         -1         -1   -1 -1         -1 -1         -1 1702389032   1
 -1         -1         -1         -1   -1 -1         -1 -1         -1 1702390479   3
 -1         -1         -1         -1   -1 -1         -1 -1         -1 1702399061   0
 -1         -1         -1         -1   -1 -1         -1 -1         -1 1702399163   0
 -1         -1         -1         -1   -1 -1         -1 -1         -1 1702406772   0
 -1         -1         -1         -1   -1 -1         -1 -1         -1 1702540932   0
 -1         -1         -1         -1   -1 -1         -1 -1         -1 1702556432   0
 -1         -1         -1         -1   -1 -1         -1 -1         -1 1702556735   0
 -1         -1         -1         -1   -1 -1         -1 -1         -1 1702561846   0
 -1         -1         -1         -1   -1 -1         -1 -1         -1 1702564271   0
 -1         -1         -1         -1   -1 -1         -1 -1         -1 1702578000   0
 -1         -1         -1         -1   -1 -1         -1 -1         -1 1702587001   0
 -1         -1         -1         -1   -1 -1         -1 -1         -1 1702598335   0
 -1         -1         -1         -1   -1 -1         -1 -1         -1 1702601935   0
 -1         -1         -1         -1   -1 -1         -1 -1         -1 1702603017   0
 -1         -1         -1         -1   -1 -1         -1 -1         -1 1702625310   1
 -1         -1         -1         -1   -1 -1         -1 -1         -1 1702638368   0
 -1         -1         -1         -1   -1 -1         -1 -1         -1 1702643752   0
 -1         -1         -1         -1   -1 -1         -1 -1         -1 1702647432   0
 -1         -1         -1         -1   -1 -1         -1 -1         -1 1702654470   0
 -1         -1         -1         -1   -1 -1         -1 -1         -1 1702663569   0
 -1         -1         -1         -1   -1 -1         -1 -1         -1 1702665694   1
 -1         -1         -1         -1   -1 -1         -1 -1         -1 1703088705   0
 -1         -1         -1         -1   -1 -1         -1 -1         -1 1703126785   0
 -1         -1         -1         -1   -1 -1         -1 -1         -1 1703133459   1
 -1         -1         -1         -1   -1 -1         -1 -1         -1 1703135343   0
 -1         -1         -1         -1   -1 -1         -1 -1         -1 1703315173   0
 -1         -1         -1         -1   -1 -1         -1 -1         -1 1703322425   1
 -1         -1         -1         -1   -1 -1         -1 -1         -1 1703333052   1
 -1         -1         -1         -1   -1 -1         -1 -1         -1 1703337370   2
 -1         -1         -1         -1   -1 -1         -1 -1         -1 1703338353   0
 -1         -1         -1         -1   -1 -1         -1 -1         -1 1703339943   1
 -1         -1         -1         -1   -1 -1         -1 -1         -1 1703362109   2
 -1         -1         -1         -1   -1 -1         -1 -1         -1 1703364858   1
 -1         -1         -1         -1   -1 -1         -1 -1         -1 1703366995   0
 -1         -1         -1         -1   -1 -1         -1 -1         -1 1703368516   0
 -1         -1         -1         -1   -1 -1         -1 -1         -1 1703375363   0
 -1         -1         -1         -1   -1 -1         -1 -1         -1 1703377638   0
 -1         -1         -1         -1   -1 -1         -1 -1         -1 1703384800   1
 -1         -1         -1         -1   -1 -1         -1 -1         -1 1703387832   0
 -1         -1         -1         -1   -1 -1         -1 -1         -1 1703400264   0
 -1         -1         -1         -1   -1 -1         -1 -1         -1 1703406584   1
 -1         -1         -1         -1   -1 -1         -1 -1         -1 1703412399   0
 -1         -1         -1         -1   -1 -1         -1 -1         -1 1703432604   2
 -1         -1         -1         -1   -1 -1         -1 -1         -1 1703433405   0
 -1         -1         -1         -1   -1 -1         -1 -1         -1 1703437336   1
 -1         -1         -1         -1   -1 -1         -1 -1         -1 1703437727   0
 -1         -1         -1         -1   -1 -1         -1 -1         -1 1703443114   3
 -1         -1         -1         -1   -1 -1         -1 -1         -1 1703452598   0
 -1         -1         -1         -1   -1 -1         -1 -1         -1 1707711918   0
 -1         -1         -1         -1   -1 -1         -1 -1         -1 1707722586   1
 -1         -1         -1         -1   -1 -1         -1 -1         -1 1707725542   0
 -1         -1         -1         -1   -1 -1         -1 -1         -1 1707737825   0
 -1         -1         -1         -1   -1 -1         -1 -1         -1 1707744038   0
 -1         -1         -1         -1   -1 -1         -1 -1         -1 1707750129   0
 -1         -1         -1         -1   -1 -1         -1 -1         -1 1707752652   0
 -1         -1         -1         -1   -1 -1         -1 -1         -1 1707783883   3
 -1         -1         -1         -1   -1 -1         -1 -1         -1 1707797137   0
 -1         -1         -1         -1   -1 -1         -1 -1         -1 1707800391   0
 -1         -1         -1         -1   -1 -1         -1 -1         -1 1707807008   1
 -1         -1         -1         -1   -1 -1         -1 -1         -1 1707826195   2
 -1         -1         -1         -1   -1 -1         -1 -1         -1 1707837567   1
 -1         -1         -1         -1   -1 -1         -1 -1         -1 1707852532   0
 -1         -1         -1         -1   -1 -1         -1 -1         -1 1707854164   0
 -1         -1         -1         -1   -1 -1         -1 -1         -1 1707855354   0
 -1         -1         -1         -1   -1 -1         -1 -1         -1 1707856442   0
 -1         -1         -1         -1   -1 -1         -1 -1         -1 1707949408   0
 -1         -1         -1         -1   -1 -1         -1 -1         -1 1707949912   1
 -1         -1         -1         -1   -1 -1         -1 -1         -1 1707949912   2
 -1         -1         -1         -1   -1 -1         -1 -1         -1 1707956494   0
 -1         -1         -1         -1   -1 -1         -1 -1         -1 1707992750   1
 -1         -1         -1         -1   -1 -1         -1 -1         -1 1708012236   0
 -1         -1         -1         -1   -1 -1         -1 -1         -1 1708031513   0
 -1         -1         -1         -1   -1 -1         -1 -1         -1 1708047904   0
 -1         -1         -1         -1   -1 -1         -1 -1         -1 1708079607   0
 -1         -1         -1         -1   -1 -1         -1 -1         -1 1708088113   0
 -1         -1         -1         -1   -1 -1         -1 -1         -1 1708106707   0
 -1         -1         -1         -1   -1 -1         -1 -1         -1 1708109052   0
 -1         -1         -1         -1   -1 -1         -1 -1         -1 1708110521   0
 -1         -1         -1         -1   -1 -1         -1 -1         -1 1708112341   0
 -1         -1         -1         -1   -1 -1         -1 -1         -1 1708119206   0
 -1         -1         -1         -1   -1 -1         -1 -1         -1 1708128994   0
 -1         -1         -1         -1   -1 -1         -1 -1         -1 1708131021   1
 -1         -1         -1         -1   -1 -1         -1 -1         -1 1708138561   0
 -1         -1         -1         -1   -1 -1         -1 -1         -1 1708138616   1
 -1         -1         -1         -1   -1 -1         -1 -1         -1 1708140048   1
 -1         -1         -1         -1   -1 -1         -1 -1         -1 1708140101   0
 -1         -1         -1         -1   -1 -1         -1 -1         -1 1708155465   0
 -1         -1         -1         -1   -1 -1         -1 -1         -1 1708167221   1
 -1         -1         -1         -1   -1 -1         -1 -1         -1 1708180557   1
 -1         -1         -1         -1   -1 -1         -1 -1         -1 1708181715   1
 -1         -1         -1         -1   -1 -1         -1 -1         -1 1708228909   1
 -1         -1         -1         -1   -1 -1         -1 -1         -1 1708246526   0
 -1         -1         -1         -1   -1 -1         -1 -1         -1 1708259132   2
 -1         -1         -1         -1   -1 -1         -1 -1         -1 1708267999   0
 -1         -1         -1         -1   -1 -1         -1 -1         -1 1708269029   0
 -1         -1         -1         -1   -1 -1         -1 -1         -1 1708272939   0
 -1         -1         -1         -1   -1 -1         -1 -1         -1 1708422332   1
 -1         -1         -1         -1   -1 -1         -1 -1         -1 1708438188   0
 -1         -1         -1         -1   -1 -1         -1 -1         -1 1708441565   0
 -1         -1         -1         -1   -1 -1         -1 -1         -1 1708441992   3
 -1         -1         -1         -1   -1 -1         -1 -1         -1 1708445600   0
 -1         -1         -1         -1   -1 -1         -1 -1         -1 1708446563   0
 -1         -1         -1         -1   -1 -1         -1 -1         -1 1708459053   0
 -1         -1         -1         -1   -1 -1         -1 -1         -1 1708519209   0
 -1         -1         -1         -1   -1 -1         -1 -1         -1 1708519727   0
 -1         -1         -1         -1   -1 -1         -1 -1         -1 1708520523   0
 -1         -1         -1         -1   -1 -1         -1 -1         -1 1708613059   0
 -1         -1         -1         -1   -1 -1         -1 -1         -1 1708613556   0
 -1         -1         -1         -1   -1 -1         -1 -1         -1 1708654737   0
