1703377537
1702545779
1708650992
1707751352
1703086010
1703086010
1701569778
1702348977
1708621187
1701623266
1702599994
1701013709
1708092698
1702233619
1703433916
1702090708
1707860989
1701145362
1702253728
1702046255
1700998217
1701155149
1703434350
1707726460
1708638236
1701109593
1707857058
1702194272
1701037090
1701157458
1708517097
1703427268
1701153490
1707714538
1708089501
1707841071
1703383551
1707848496
1708543584
1702249635
1701717623
1702220561
1703336769
1701794096
1701029852
1708082989
1708082989
1702088645
1708100003
1707700329
1702610066
1701573775
1707993094
1702563281
1701620549
1702185246
1701652988
1701573632
1702359849
1708519806
1702065117
1702128441
1702080183
1700872986
1703364287
1702393167
1702393167
1700858532
1702204741
1707946244
1708052518
1701787621
1702110242
1701284708
1708231243
1702069742
1708428010
1702080183
1702080183
1702597963
1703404007
1701634121
1708645703
1708445762
1702305402
1701778009
1708547028
1701566501
1708105369
1701711023
1703128774
1701517638
1701039976
1702551757
1702065885
1708535294
1702650134
1702575483
1701031214
1708632077
1708002333
1701549364
1708654435
1702250220
1707843551
1702246040
1707728886
1702563977
1702056602
1701695427
1700828943
1707758411
1700879337
1703124492
1702375833
1702238715
1701171842
1702235568
1702243416
1703354190
1703354190
1708652085
1701794738
1702190128
1701588314
1707756756
1700860682
1702075715
1707761580
1701629559
1701711253
1702640323
1702120336
1708541021
1702245000
1701201870
1701571518
1700997626
1701691895
1701589453
1700849709
1702545582
1707829174
1701032832
1703439391
1702355809
1702355809
1702020187
1701650744
1701514500
1707735315
1703385208
1701039405
1702357381
1708087964
1702622891
1707829919
1708182307
1702201329
1701142515
1708508624
1702554890
1702561467
1701269189
1702063852
1702236395
1702236395
1702654807
1708082354
1702043319
1702043527
1702363470
1701280439
1702229236
1701387699
1701361472
1701657470
1701160605
1700851004
1701793983
1702360589
1702048334
1708048599
1708649482
1708637371
1702219535
1702587917
1708443642
1708009224
1702617112
1701662690
1701792011
1708264584
1702221290
1701632736
1707798737
1708598583
1701088905
1708045730
1702588981
1707926503
1703362326
1700848674
1701792672
1702401865
1701818577
1707918173
1707854606
1708409732
1702319625
1707766951
1708415807
1707766663
1707941044
1707944012
1700907949
1701095203
1703107630
1702190344
1700819187
1701103997
1708094123
1708596661
1707926970
1701203146
1708415679
1708415679
1703359608
1701136566
1708135029
1702571597
1702086235
1701530580
1702390995
1700818423
1708552419
1707833817
1707948686
1708644174
1707721795
1702118638
1708113491
1708105067
1702185916
1702625302
1701109450
1703403083
1702653559
1702610794
1701159670
1703456975
1701515110
1702206039
1707787695
1701100705
1707856729
1702238662
1707728230
1702564289
1701257388
1701040191
1702378532
1702378532
1708180800
1708180800
1700851791
1701379442
1702648599
1703368512
1708040775
1701185367
1708137789
1708067122
1702202072
1703438652
1702172256
1708011710
1701361020
1708108757
1701621328
1703317310
1708451971
1701636045
1702586263
1708244222
1701170427
1700821599
1701105834
1701540267
1701384932
1701189564
1701041502
1708241670
1702574082
1702541454
1702174201
1701182125
1708559785
1707840062
1702595879
1702602526
1702046954
1707748079
1702263159
1701557296
1708160765
1708042054
1707716983
1701134669
1708412701
1707847406
1701105834
1702609190
1700833196
1701808274
1701808651
1701734614
1702026587
1701102150
1702570184
1702222447
1702171613
1702317534
1707949657
1707833908
1703317614
1702618403
1702349018
1700798987
1701548526
1701173302
1702599389
1702263923
1703454542
1703391979
1702263923
1703454542
1707917027
1702250386
1703110834
1703347069
1700990067
1708514306
1708514306
1702566513
1708065784
1708514278
1708105107
1708139361
1701640903
1701537781
1701189977
1700869009
1701730739
1700843812
1701730739
1702048117
1701360037
1701203173
1701203173
1701203173
1701099734
1701664517
1708458866
1708410035
1701099741
1708426710
1701569545
1702348001
1701178837
1708016565
1708115086
1707754569
1707859661
1703077702
1701695591
1701702545
1703111519
1703346442
1703408880
1701535795
1703349461
1707738736
1707838082
1707751008
1702044117
1702194579
1708107158
1703126183
1708115148
1701181158
1702027310
1701667670
1702076704
1708092678
1708255826
1702379567
1701184439
1708012043
1707861298
1702175731
1702080588
1701631613
1702181196
1703384800
1708625020
1701181669
1701732882
1701732882
1703337370
1701166584
1707816609
1703107860
1700884997
1708114696
1708554430
1702403369
1707790093
1701721142
1703406595
1700908401
1707843075
1701718963
1707774602
1701097055
1708225365
1708637122
1708225365
1703308895
1707992918
1708417413
1708238422
1708266109
1708248512
1708248512
1701613774
1701618108
1702253531
1701582917
1708538244
1707777265
1702113187
1707778251
1707750382
1708078685
1702585188
1708658847
1703358471
1701106003
1703442485
1701651425
1701014113
1707771058
1702238699
1708553167
1701562878
1707866821
1701105838
1702203427
1702039614
1701166456
1701604047
1701735702
1702336853
1702389688
1703435836
1701111852
1701662508
1701170463
1708165046
1707939097
1701159500
1708553019
1702091516
1708552490
1703323847
1708255723
1703445114
1708225260
1701157296
1703353129
1702132517
1701172811
1707852434
1701188190
1708226223
1700906079
1708169656
1702668271
1700984680
1702068469
1707926728
1702216460
1702615169
1708038291
1708092317
1701113392
1703384211
1700857707
1701163051
1701557297
1701286711
1708617872
1701150116
1708274424
1708239189
1708239189
1708020905
1708097956
1702131197
1707701907
1707727598
1700806017
1701619456
1707747020
1702108202
1708607648
1707780903
1707780903
1701621137
1702056456
1707728948
1701162177
1701162177
1701709916
1708408316
1708249541
1708220637
1702103920
1708077273
1701051605
1707930007
1702115446
1708422483
1708422483
1708266861
1701185659
1708126067
1701150805
1701006181
1701702223
1703379364
1701387030
1708180540
1708433403
1707781330
1702175157
1702175157
1707708566
1701619230
1702009024
1701187970
1703104946
1708119985
1707825594
1701658235
1701728647
1701559102
1702330318
1707785504
1701015965
1707827372
1702605973
1702117489
1702237936
1701793245
1700859176
1708596628
1701652848
1707844074
1708253654
1701090727
1707750430
1702561642
1708127669
1700873175
1701148250
1703441399
1702619019
1703087957
1703412399
1703322425
1707752652
1701670890
1707710509
1702116844
1702004183
1702622552
1700826402
1703370862
1708167703
1707942720
1701721514
1701282597
1702538129
1702603017
1708136093
1708136093
1708655991
1703436784
1708432350
1702623379
1707798108
1701724219
1701724219
1707946967
1701670271
1702107972
1703399599
1702110121
1708443700
1708443700
1701040022
1707931811
1701562054
1702137856
1703322162
1701642053
1702572763
1708631695
1702222697
1708412401
1708156195
1702196243
1703360073
1703360073
1708020595
1701518288
1702090833
1702241167
1702645563
1702596869
1708054376
1703090791
1708621938
1702576033
1708411338
1708253185
1708253185
1701804644
1701136080
1702043876
1702117197
1701710631
1701710631
1702128818
1702115573
1700877691
1701622782
1703316914
1703317983
1708032749
1708090785
1702208421
1701199994
1701199994
1708550866
1702175409
1703409269
1701708741
1701620257
1708272228
1702084944
1708272939
1708642883
1708626501
1702046985
1701047623
1701711811
1701349802
1702358880
1702105275
1701166316
1700801980
1703092294
1703406755
1703446436
1702127296
1708137638
1701799875
1702571616
1708547455
1701000807
1708141586
1702113620
1701025734
1702250503
1702399163
1702127361
1708429342
1701370200
1701176312
1707993855
1708094760
1700865495
1702207539
1707919937
1701802291
1701802291
1708454669
1701538060
1702396818
1707738313
1707847355
1702123738
1702025380
1707855419
1701696429
1701696429
1703387832
1708165710
1708165710
1707726317
1708184661
1708224636
1708422332
1701271855
1707778255
1701347934
1707857047
1707945675
1702635219
1708442758
1702007876
1700818359
1702336207
1703409474
1701578106
1707939761
1707919082
1708019976
1708449287
1701623035
1701102818
1708269691
1701179983
1702242326
1702242326
1700831640
1700831640
1708536497
1701353781
1703088114
1701584338
1701275350
1702039356
1701686493
1707949521
1707949521
1707916930
1703096239
1701272234
1702646907
1701371771
1701025779
1701788063
1703425243
1703425243
1702009993
1708615362
1702661076
1702087147
1708035177
1702099914
1701168537
1708047452
1701259392
1702216992
1703106556
1701713103
1703371929
1703085744
1701775916
1702040940
1708630854
1708135650
1703107075
1703423247
1701749099
1701610015
1702565283
1702238627
1701528451
1707705453
1700906952
1701658598
1702072631
1701520837
1702013270
1701519845
1701011219
1707915974
1708250058
1703421078
1703355747
1707996549
1703110275
1707996549
1701579404
1708272629
1702070190
1707794698
1701609390
1701569187
1701046193
1707852897
1702089948
1701704601
1702133843
1701518190
1700808201
1701572412
1700988398
1702324038
1708008500
1707778647
1701807179
1700996712
1701780028
1708087356
1707771813
1703126423
1702395742
1701189569
1702397218
1703370185
1703307480
1703307480
1701525220
1701493023
1702191872
1702322699
1702130540
1701660056
1708047452
1707721502
1700881702
1701367513
1703439922
1701345947
1703450943
1708275494
1701706847
1708623439
1702202129
1707953622
1702082175
1703092527
1703333102
1701610780
1703357212
1701643495
1701042636
1702378821
1708168420
1701040645
1703418299
1708147075
1701819354
1707710484
1707769793
1702588967
1701374267
1701286471
1708632201
1701656385
1707700911
1702069238
1702593701
1702019146
1708268886
1708655865
1708181949
1707806916
1707957080
1703088068
1701028366
1702347475
1702589333
1701098899
1708055423
1702358971
1701088331
1701608619
1702324867
1708223386
1700907387
1708236658
1708091261
1701354220
1702594126
1703425952
1701490075
1701490075
1701815560
1702355565
1701342426
1702588282
1708274217
1707806224
1708458152
1702561787
1701164402
1708104537
1702331869
1707739108
1702012795
1702580354
1702115343
1701181789
1702077126
1708032655
1701277350
1703340514
1702250728
1701615283
1700908000
1702227758
1707746632
1702048544
1701717083
1702085860
1702327506
1708597797
1708597797
1702174234
1708117344
1708117344
1700829939
1701176302
1708627657
1708424686
1708170236
1701553229
1707925607
1702388974
1702398204
1708507582
1700905560
1702400894
1707997782
1708509973
1703115201
1702597022
1703375277
1703327621
1702356372
1700909069
1701259513
1702058092
1701669519
1703094426
1702134076
1702253085
1702253085
1707824635
1707995417
1703095498
1701136362
1702339414
1702006174
1707945262
1703408196
1702221113
1702263333
1702638158
1701578431
1708019538
1707847971
1701598538
1707803841
1702567072
1702615622
1702615622
1701372727
1701372727
1702198695
1708622566
1701515677
1707949168
1708227742
1708124231
1702201231
1708418793
1708246605
1703353917
1707715467
1702575714
1703425897
1708602680
1702037280
1701587927
1707803724
1702173042
1701641259
1702033327
1703107230
1702017827
1707843519
1707776664
1701387583
1701817727
1700851654
1708138640
1702615653
1702569277
1701254384
1707835340
1707721485
1701274447
1708098143
1702184944
1708629441
1708241232
1708538822
1708154737
1703342074
1708438673
1707705603
1708621835
1701103364
1707705234
1701617938
1701617938
1702336882
1702105521
1702105521
1703399591
1702194090
1708255918
1701124663
1708138784
1708138784
1702096669
1708418043
1702332045
1708107925
1702264763
1703132650
1701186528
1708651343
1708659365
1703107269
1703107269
1702133518
1701173499
1708107099
1708243851
1708646145
1707772704
1703086862
1702341201
1701550504
1708178804
1700830056
1708185052
1708120524
1708125142
1708450163
1703333847
1707952120
1707952120
1701050220
1708654723
1701814642
1702015779
1701728097
1700847102
1700817885
1701201083
1701286747
1703126153
1707957042
1708107162
1701705204
1702397746
1701635777
1702066677
1708264828
1701154643
1703098492
1702622579
1701174594
1708144687
1701348941
1708437880
1708135652
1702607855
1708427326
1708427326
1701282744
1708264390
1702023716
1701278871
1702599848
1701129452
1702191386
1701158609
1702627061
1703086303
1701036236
1703347211
1701587896
1708618666
1708550538
1708077927
1701556520
1701386848
1702656673
1708538431
1708101126
1700992077
1707826150
1702230262
1707945456
1703126718
1708596775
1702195700
1702380947
1703127867
1707748725
1702182347
1702392171
1701088407
1702647432
1703308657
1703126892
1708410005
1702126747
1701010833
1702574244
1708560475
1708124277
1708124277
1703404031
1703354332
1701316206
1700993665
1707916433
1702074993
1700907182
1701151881
1708231679
1708175435
1700818287
1701732491
1703444672
1708456275
1702607742
1700855081
1702549818
1707847498
1707816173
1707815156
1707730836
1701034019
1702389564
1702667347
1701050939
1701267852
1708023052
1708225418
1701560097
1707718950
1707805552
1702008952
1707701421
1707778489
1707943152
1708622085
1701588604
1702064119
1708271786
1701367395
1702078891
1702598256
1702598256
1702379168
1703435254
1702244740
1701633825
1701357807
1707781236
1701525371
1708178265
1708562530
1708269635
1702647950
1701258935
1701721581
1708554092
1702196321
1708636712
1702614943
1708230981
1708079433
1708079433
1702227199
1708560549
1703324832
1701109038
1702072930
1703353737
1707857727
1707857727
1707807347
1702012184
1702063316
1707857727
1703432117
1702063316
1707996970
1707729617
1708166182
1707702152
1708275043
1702220175
1701028684
1702123028
1708409616
1708558429
1707816976
1700998465
1702239646
1703434702
1700830546
1703434702
1702217842
1707807828
1707799241
1701776288
1708256511
1701047304
1703456780
1702088979
1708234231
1702181270
1702028976
1708555445
1708555445
1708139849
1702096595
1702240169
1707777930
1708095496
1708447575
1708447575
1707759978
1708242303
1702647149
1708618802
1703357156
1702205204
1701820613
1702229436
1701137949
1708459179
1707710820
1702320179
1707710820
1708030711
1708232483
1708022946
1701354428
1701354428
1702618087
1701535779
1708171016
1702206400
1701148674
1708547429
1701621046
1701515777
1703453881
1702361246
1702614398
1702261612
1702563774
1701365379
1708266642
1708614873
1700992781
1701351976
1701570146
1702588664
1703420788
1702596500
1701196513
1703109236
1701633711
1701124712
1708427571
1701697178
1701148063
1702195943
1702605702
1702601935
1701371110
1707774327
1701185565
1703106064
1703409062
1708178019
1702636590
1708536825
1701113681
1701614799
1702060236
1702408362
1701036280
1707922985
1702241177
1707787836
1707787836
1702638570
1701725477
1708247180
1708625133
1702571030
1702603095
1701547879
1701346471
1701193361
1701088237
1700852851
1703311210
1701564830
1702613678
1708026737
1701518857
1702605298
1708267137
1701257800
1703327389
1702189875
1702624112
1701254629
1708443536
1701116467
1702231879
1707734422
1702113646
1703308874
1702016610
1708554142
1703416934
1707731266
1701800091
1701115562
1701793835
1701583671
1708559881
1700879639
1701802950
1701654502
1702056739
1703099007
1708041538
1701156612
1708443536
1701360072
1708112239
1707959656
1708185294
1702553120
1708410629
1701561468
1701561468
1701279579
1703135678
1707947849
1703135678
1702115091
1700820437
1701090962
1702544608
1702544608
1701358949
1701013510
1702595748
1702103255
1708177263
1708450908
1701133321
1707754431
1701169915
1703401407
1708427821
1707753785
1702125536
1702125536
1703308131
1702087991
1702115419
1708168407
1702663401
1708016077
1707725834
1702062583
1708596476
1703123410
1701278494
1701103572
1707832055
1708056880
1701002550
1708121501
1701492058
1707711263
1707861861
1707919070
1700892311
1701190913
1701267629
1701704645
1701704645
1700874595
1702135618
1701520091
1702261077
1702621678
1708649724
1702562578
1701792075
1702582897
1702564755
1700855820
1708000840
1708000840
1708148310
1701550060
1701130171
1700907641
1708613861
1703439008
1700798466
1708563331
1708153686
1703082851
1702181258
1702668403
1702212586
1702226717
1707734380
1703317156
1707836586
1703124165
1702111992
1703357058
1701812750
1702249840
1702249840
1708100672
1702562782
1701567278
1701270291
1703120548
1708632848
1701156170
1702323963
1707918551
1702354058
1700999561
1701656989
1708435032
1701275570
1701196766
1701023445
1703443708
1702613210
1707856738
1708647850
1702609125
1708055055
1701633687
1702406564
1707752140
1703097015
1708424792
1702641357
1702641357
1700986589
1707929178
1708231184
1700832765
1701036429
1708155851
1702028230
1700868140
1701657715
1703109957
1707851354
1708005688
1702117246
1708257453
1702218149
1702218149
1702079590
1708520347
1701188197
1701613306
1702548257
1702004854
1701137930
1702182568
1708048366
1707742051
1702115295
1707834835
1708535016
1701802981
1701802981
1708153957
1701344177
1708655628
1701394489
1701094976
1703326910
1702605253
1701487532
1702544091
1703432321
1707828251
1702335818
1708178982
1703379021
1708268611
1702080947
1708165077
1703112336
1707762188
1708008840
1701703932
1701387932
1702605253
1700907784
1700907784
1702237767
1708108843
1708144101
1708409419
1708246279
1707780800
1708160078
1708548259
1708652881
1708604531
1707712282
1708546406
1707749377
1708161738
1703367169
1703131213
1708507502
1708507502
1708633563
1708622893
1707776539
1707776539
1707706609
1708548601
1701380731
1708169369
1703383551
1708625020
1708625020
1702006174
1708622566
1708622566
1703338217
1703426492
1703381053
1702080947
1702190128
1702184944
1702305402
1702193546
1703432321
1701169603
1708078341
1702614361
1708124277
1708023052
1703456975
1708141586
1701169351
1707949657
1701557296
1707931622
1707931622
1703355747
1702130540
1701711399
1703120548
1701609851
1701609851
1703110547
1702015845
1702408362
1702569240
